,B,alpha,beta,c_h,c_r,gamma,rho,eps,average_iters,bdp_iters,sarsa_iters,q_learning_iters,reinforce_iters,actor_critic_iters
0,100,0.5,0.5,0.1,1,0.8,0.6,0.001,0,0,0,0,0,0
1,100,0.5,0.5,0.1,1,0.8,0.7,0.001,0,0,0,0,0,0
2,100,0.5,0.5,0.1,1,0.8,0.8,0.001,0,0,0,0,0,0
3,100,0.5,0.5,0.1,1,0.8,0.9,0.001,0,0,0,0,0,0
4,100,0.5,0.5,0.1,1,0.9,0.6,0.001,0,0,0,0,0,0
5,100,0.5,0.5,0.1,1,0.9,0.7,0.001,0,0,0,0,0,0
6,100,0.5,0.5,0.1,1,0.9,0.8,0.001,0,0,0,0,0,0
7,100,0.5,0.5,0.1,1,0.9,0.9,0.001,0,0,0,0,0,0
8,100,0.5,0.5,0.1,1,0.95,0.6,0.001,0,0,0,0,0,0
9,100,0.5,0.5,0.1,1,0.95,0.7,0.001,0,0,0,0,0,0
10,100,0.5,0.5,0.1,1,0.95,0.8,0.001,0,0,0,0,0,0
11,100,0.5,0.5,0.1,1,0.95,0.9,0.001,0,0,0,0,0,0
12,100,0.5,0.5,0.1,1,0.99,0.6,0.001,0,0,0,0,0,0
13,100,0.5,0.5,0.1,1,0.99,0.7,0.001,0,0,0,0,0,0
14,100,0.5,0.5,0.1,1,0.99,0.8,0.001,0,0,0,0,0,0
15,100,0.5,0.5,0.1,1,0.99,0.9,0.001,0,0,0,0,0,0
16,100,0.5,0.5,0.2,1,0.8,0.6,0.001,0,0,0,0,0,0
17,100,0.5,0.5,0.2,1,0.8,0.7,0.001,0,0,0,0,0,0
18,100,0.5,0.5,0.2,1,0.8,0.8,0.001,0,0,0,0,0,0
19,100,0.5,0.5,0.2,1,0.8,0.9,0.001,0,0,0,0,0,0
20,100,0.5,0.5,0.2,1,0.9,0.6,0.001,0,0,0,0,0,0
21,100,0.5,0.5,0.2,1,0.9,0.7,0.001,0,0,0,0,0,0
22,100,0.5,0.5,0.2,1,0.9,0.8,0.001,0,0,0,0,0,0
23,100,0.5,0.5,0.2,1,0.9,0.9,0.001,0,0,0,0,0,0
24,100,0.5,0.5,0.2,1,0.95,0.6,0.001,0,0,0,0,0,0
25,100,0.5,0.5,0.2,1,0.95,0.7,0.001,0,0,0,0,0,0
26,100,0.5,0.5,0.2,1,0.95,0.8,0.001,0,0,0,0,0,0
27,100,0.5,0.5,0.2,1,0.95,0.9,0.001,0,0,0,0,0,0
28,100,0.5,0.5,0.2,1,0.99,0.6,0.001,0,0,0,0,0,0
29,100,0.5,0.5,0.2,1,0.99,0.7,0.001,0,0,0,0,0,0
30,100,0.5,0.5,0.2,1,0.99,0.8,0.001,0,0,0,0,0,0
31,100,0.5,0.5,0.2,1,0.99,0.9,0.001,0,0,0,0,0,0
32,100,1.0,1.0,0.1,1,0.8,0.6,0.001,0,0,0,0,0,0
33,100,1.0,1.0,0.1,1,0.8,0.7,0.001,0,0,0,0,0,0
34,100,1.0,1.0,0.1,1,0.8,0.8,0.001,0,0,0,0,0,0
35,100,1.0,1.0,0.1,1,0.8,0.9,0.001,0,0,0,0,0,0
36,100,1.0,1.0,0.1,1,0.9,0.6,0.001,0,0,0,0,0,0
37,100,1.0,1.0,0.1,1,0.9,0.7,0.001,0,0,0,0,0,0
38,100,1.0,1.0,0.1,1,0.9,0.8,0.001,0,0,0,0,0,0
39,100,1.0,1.0,0.1,1,0.9,0.9,0.001,0,0,0,0,0,0
40,100,1.0,1.0,0.1,1,0.95,0.6,0.001,0,0,0,0,0,0
41,100,1.0,1.0,0.1,1,0.95,0.7,0.001,0,0,0,0,0,0
42,100,1.0,1.0,0.1,1,0.95,0.8,0.001,0,0,0,0,0,0
43,100,1.0,1.0,0.1,1,0.95,0.9,0.001,0,0,0,0,0,0
44,100,1.0,1.0,0.1,1,0.99,0.6,0.001,0,0,0,0,0,0
45,100,1.0,1.0,0.1,1,0.99,0.7,0.001,0,0,0,0,0,0
46,100,1.0,1.0,0.1,1,0.99,0.8,0.001,0,0,0,0,0,0
47,100,1.0,1.0,0.1,1,0.99,0.9,0.001,0,0,0,0,0,0
48,100,1.0,1.0,0.2,1,0.8,0.6,0.001,0,0,0,0,0,0
49,100,1.0,1.0,0.2,1,0.8,0.7,0.001,0,0,0,0,0,0
50,100,1.0,1.0,0.2,1,0.8,0.8,0.001,0,0,0,0,0,0
51,100,1.0,1.0,0.2,1,0.8,0.9,0.001,0,0,0,0,0,0
52,100,1.0,1.0,0.2,1,0.9,0.6,0.001,0,0,0,0,0,0
53,100,1.0,1.0,0.2,1,0.9,0.7,0.001,0,0,0,0,0,0
54,100,1.0,1.0,0.2,1,0.9,0.8,0.001,0,0,0,0,0,0
55,100,1.0,1.0,0.2,1,0.9,0.9,0.001,0,0,0,0,0,0
56,100,1.0,1.0,0.2,1,0.95,0.6,0.001,0,0,0,0,0,0
57,100,1.0,1.0,0.2,1,0.95,0.7,0.001,0,0,0,0,0,0
58,100,1.0,1.0,0.2,1,0.95,0.8,0.001,0,0,0,0,0,0
59,100,1.0,1.0,0.2,1,0.95,0.9,0.001,0,0,0,0,0,0
60,100,1.0,1.0,0.2,1,0.99,0.6,0.001,0,0,0,0,0,0
61,100,1.0,1.0,0.2,1,0.99,0.7,0.001,0,0,0,0,0,0
62,100,1.0,1.0,0.2,1,0.99,0.8,0.001,0,0,0,0,0,0
63,100,1.0,1.0,0.2,1,0.99,0.9,0.001,0,0,0,0,0,0
64,100,2.0,2.0,0.1,1,0.8,0.6,0.001,0,0,0,0,0,0
65,100,2.0,2.0,0.1,1,0.8,0.7,0.001,0,0,0,0,0,0
66,100,2.0,2.0,0.1,1,0.8,0.8,0.001,0,0,0,0,0,0
67,100,2.0,2.0,0.1,1,0.8,0.9,0.001,0,0,0,0,0,0
68,100,2.0,2.0,0.1,1,0.9,0.6,0.001,0,0,0,0,0,0
69,100,2.0,2.0,0.1,1,0.9,0.7,0.001,0,0,0,0,0,0
70,100,2.0,2.0,0.1,1,0.9,0.8,0.001,0,0,0,0,0,0
71,100,2.0,2.0,0.1,1,0.9,0.9,0.001,0,0,0,0,0,0
72,100,2.0,2.0,0.1,1,0.95,0.6,0.001,0,0,0,0,0,0
73,100,2.0,2.0,0.1,1,0.95,0.7,0.001,0,0,0,0,0,0
74,100,2.0,2.0,0.1,1,0.95,0.8,0.001,0,0,0,0,0,0
75,100,2.0,2.0,0.1,1,0.95,0.9,0.001,0,0,0,0,0,0
76,100,2.0,2.0,0.1,1,0.99,0.6,0.001,0,0,0,0,0,0
77,100,2.0,2.0,0.1,1,0.99,0.7,0.001,0,0,0,0,0,0
78,100,2.0,2.0,0.1,1,0.99,0.8,0.001,0,0,0,0,0,0
79,100,2.0,2.0,0.1,1,0.99,0.9,0.001,0,0,0,0,0,0
80,100,2.0,2.0,0.2,1,0.8,0.6,0.001,0,0,0,0,0,0
81,100,2.0,2.0,0.2,1,0.8,0.7,0.001,0,0,0,0,0,0
82,100,2.0,2.0,0.2,1,0.8,0.8,0.001,0,0,0,0,0,0
83,100,2.0,2.0,0.2,1,0.8,0.9,0.001,0,0,0,0,0,0
84,100,2.0,2.0,0.2,1,0.9,0.6,0.001,0,0,0,0,0,0
85,100,2.0,2.0,0.2,1,0.9,0.7,0.001,0,0,0,0,0,0
86,100,2.0,2.0,0.2,1,0.9,0.8,0.001,0,0,0,0,0,0
87,100,2.0,2.0,0.2,1,0.9,0.9,0.001,0,0,0,0,0,0
88,100,2.0,2.0,0.2,1,0.95,0.6,0.001,0,0,0,0,0,0
89,100,2.0,2.0,0.2,1,0.95,0.7,0.001,0,0,0,0,0,0
90,100,2.0,2.0,0.2,1,0.95,0.8,0.001,0,0,0,0,0,0
91,100,2.0,2.0,0.2,1,0.95,0.9,0.001,0,0,0,0,0,0
92,100,2.0,2.0,0.2,1,0.99,0.6,0.001,0,0,0,0,0,0
93,100,2.0,2.0,0.2,1,0.99,0.7,0.001,0,0,0,0,0,0
94,100,2.0,2.0,0.2,1,0.99,0.8,0.001,0,0,0,0,0,0
95,100,2.0,2.0,0.2,1,0.99,0.9,0.001,0,0,0,0,0,0
96,100,2.5,2.5,0.1,1,0.8,0.6,0.001,0,0,0,0,0,0
97,100,2.5,2.5,0.1,1,0.8,0.7,0.001,0,0,0,0,0,0
98,100,2.5,2.5,0.1,1,0.8,0.8,0.001,0,0,0,0,0,0
99,100,2.5,2.5,0.1,1,0.8,0.9,0.001,0,0,0,0,0,0
100,100,2.5,2.5,0.1,1,0.9,0.6,0.001,0,0,0,0,0,0
101,100,2.5,2.5,0.1,1,0.9,0.7,0.001,0,0,0,0,0,0
102,100,2.5,2.5,0.1,1,0.9,0.8,0.001,0,0,0,0,0,0
103,100,2.5,2.5,0.1,1,0.9,0.9,0.001,0,0,0,0,0,0
104,100,2.5,2.5,0.1,1,0.95,0.6,0.001,0,0,0,0,0,0
105,100,2.5,2.5,0.1,1,0.95,0.7,0.001,0,0,0,0,0,0
106,100,2.5,2.5,0.1,1,0.95,0.8,0.001,0,0,0,0,0,0
107,100,2.5,2.5,0.1,1,0.95,0.9,0.001,0,0,0,0,0,0
108,100,2.5,2.5,0.1,1,0.99,0.6,0.001,0,0,0,0,0,0
109,100,2.5,2.5,0.1,1,0.99,0.7,0.001,0,0,0,0,0,0
110,100,2.5,2.5,0.1,1,0.99,0.8,0.001,0,0,0,0,0,0
111,100,2.5,2.5,0.1,1,0.99,0.9,0.001,0,0,0,0,0,0
112,100,2.5,2.5,0.2,1,0.8,0.6,0.001,0,0,0,0,0,0
113,100,2.5,2.5,0.2,1,0.8,0.7,0.001,0,0,0,0,0,0
114,100,2.5,2.5,0.2,1,0.8,0.8,0.001,0,0,0,0,0,0
115,100,2.5,2.5,0.2,1,0.8,0.9,0.001,0,0,0,0,0,0
116,100,2.5,2.5,0.2,1,0.9,0.6,0.001,0,0,0,0,0,0
117,100,2.5,2.5,0.2,1,0.9,0.7,0.001,0,0,0,0,0,0
118,100,2.5,2.5,0.2,1,0.9,0.8,0.001,0,0,0,0,0,0
119,100,2.5,2.5,0.2,1,0.9,0.9,0.001,0,0,0,0,0,0
120,100,2.5,2.5,0.2,1,0.95,0.6,0.001,0,0,0,0,0,0
121,100,2.5,2.5,0.2,1,0.95,0.7,0.001,0,0,0,0,0,0
122,100,2.5,2.5,0.2,1,0.95,0.8,0.001,0,0,0,0,0,0
123,100,2.5,2.5,0.2,1,0.95,0.9,0.001,0,0,0,0,0,0
124,100,2.5,2.5,0.2,1,0.99,0.6,0.001,0,0,0,0,0,0
125,100,2.5,2.5,0.2,1,0.99,0.7,0.001,0,0,0,0,0,0
126,100,2.5,2.5,0.2,1,0.99,0.8,0.001,0,0,0,0,0,0
127,100,2.5,2.5,0.2,1,0.99,0.9,0.001,0,0,0,0,0,0
